0.000000000000000000e+00 1.171030720899717492e+00
6.295776860901388661e-01 1.401561212595201722e+00
1.259155372180277732e+00 9.719768862171844770e-01
1.888733058270416709e+00 1.042819598548837545e+00
2.518310744360555464e+00 6.336806266575292224e-01
3.147888430450694663e+00 9.363483974382649233e-01
3.777466116540833418e+00 8.363878007488059207e-01
4.407043802630972174e+00 6.985045256887911780e-01
5.036621488721110929e+00 1.281274173715872822e+00
5.666199174811249684e+00 1.076734939997728180e+00
6.295776860901389327e+00 1.104604868004838147e+00
6.925354546991527194e+00 1.261593826163354137e+00
7.554932233081666837e+00 1.019056697286898849e+00
8.184509919171805592e+00 9.259807233960339889e-01
8.814087605261944347e+00 1.027545248894695451e+00
9.443665291352083102e+00 1.018538231809913652e+00
1.007324297744222186e+01 9.562277150474520759e-01
1.070282066353236061e+01 9.387139376492914522e-01
1.133239834962249937e+01 1.161019795541544664e+00
1.196197603571263812e+01 7.467079985829008226e-01
1.259155372180277865e+01 9.816969555363179722e-01
1.322113140789291563e+01 1.029166845585207879e+00
1.385070909398305439e+01 1.101539160792166072e+00
1.448028678007319314e+01 1.117428525093645320e+00
1.510986446616333367e+01 1.161065202606651692e+00
1.573944215225347243e+01 8.001731770385143161e-01
1.636901983834361118e+01 8.627285037709957471e-01
1.699859752443375172e+01 7.002178293212080185e-01
1.762817521052388869e+01 1.288009824522523328e+00
1.825775289661402567e+01 6.348924102143360670e-01
1.888733058270416620e+01 1.434679834296963996e+00
1.951690826879430674e+01 9.203699436942853751e-01
2.014648595488444371e+01 7.259689122670176520e-01
2.077606364097458069e+01 8.919974327872859376e-01
2.140564132706472122e+01 1.141406129937181824e+00
2.203521901315486176e+01 1.113360420520092209e+00
2.266479669924499873e+01 9.675131057314639849e-01
2.329437438533513571e+01 1.350796773337179069e+00
2.392395207142527624e+01 1.116720574039612224e+00
2.455352975751541678e+01 7.154152981829200453e-01
2.518310744360555731e+01 8.442571433481457222e-01
2.581268512969569429e+01 1.092063224844199265e+00
2.644226281578583126e+01 5.716090484200593291e-01
2.707184050187597180e+01 1.041373083218543272e+00
2.770141818796610877e+01 1.110709798312546015e+00
2.833099587405624575e+01 8.705379755704248934e-01
2.896057356014638628e+01 1.061567046538020920e+00
2.959015124623653037e+01 1.085825977728030134e+00
3.021972893232666735e+01 1.199431962210955049e+00
3.084930661841680433e+01 8.295966260499242351e-01
3.147888430450694486e+01 7.880549167732772142e-01
3.210846199059707828e+01 8.219736099204985047e-01
3.273803967668722237e+01 8.956434200009970592e-01
3.336761736277735935e+01 8.865824789310657872e-01
3.399719504886750343e+01 1.023538706176899682e+00
3.462677273495764041e+01 1.473786164501796891e+00
3.525635042104777739e+01 6.784508132880031628e-01
3.588592810713791437e+01 9.946752725344253365e-01
3.651550579322805135e+01 1.219085357658966418e+00
3.714508347931818832e+01 1.111558026043710123e+00
3.777466116540833241e+01 1.097359521976453145e+00
3.840423885149847649e+01 1.019433615800213966e+00
3.903381653758861347e+01 9.456164115862112363e-01
3.966339422367875045e+01 8.387483620332301104e-01
4.029297190976888743e+01 7.525772688321380466e-01
4.092254959585902441e+01 1.026005835487996620e+00
4.155212728194916139e+01 6.739492830780025034e-01
4.218170496803929836e+01 7.253252604662548952e-01
4.281128265412944245e+01 1.385035171772534435e+00
4.344086034021958653e+01 8.207355432178558008e-01
4.407043802630972351e+01 1.159521232429886251e+00
4.470001571239986049e+01 1.092451665068408184e+00
4.532959339848999747e+01 1.172178399325215059e+00
4.595917108458013445e+01 9.834972181744563446e-01
4.658874877067027143e+01 9.324486124760793526e-01
4.721832645676041551e+01 1.128310382316285665e+00
4.784790414285055249e+01 1.170186855435284334e+00
4.847748182894069657e+01 1.430484872715232836e+00
4.910705951503083355e+01 1.114695559124770252e+00
4.973663720112097053e+01 1.110552240523762224e+00
5.036621488721111461e+01 6.240192461718012673e-01
5.099579257330124449e+01 1.082676670659703078e+00
5.162537025939138857e+01 1.028097591817548118e+00
5.225494794548152555e+01 1.215269829412758185e+00
5.288452563157166253e+01 6.339065948949837992e-01
5.351410331766179951e+01 7.383999150933319155e-01
5.414368100375194359e+01 9.481356907928701894e-01
5.477325868984208768e+01 9.515088032007570362e-01
5.540283637593221755e+01 1.094009773697257160e+00
5.603241406202236163e+01 3.419312795124307414e-01
5.666199174811249151e+01 1.297288886413589859e+00
5.729156943420263559e+01 1.238054190204843419e+00
5.792114712029277257e+01 1.069326053380875052e+00
5.855072480638291665e+01 1.296595418999593186e+00
5.918030249247306074e+01 1.131488206353165049e+00
5.980988017856319061e+01 7.996382432230342285e-01
6.043945786465333470e+01 9.483238679708207997e-01
6.106903555074346457e+01 7.528591730640938895e-01
6.169861323683360865e+01 9.491090526867700383e-01
6.232819092292374563e+01 1.385448151515387805e+00
6.295776860901388972e+01 1.305374570624560082e+00
6.358734629510402669e+01 1.235459653779900524e+00
6.421692398119415657e+01 1.448049398883133332e+00
6.484650166728430065e+01 1.030643948010321775e+00
6.547607935337444474e+01 8.418740086845106774e-01
6.610565703946458882e+01 1.297826619610772170e+00
6.673523472555471869e+01 9.924677961472772036e-01
6.736481241164486278e+01 8.006501061318446189e-01
6.799439009773500686e+01 1.160591614674799654e+00
6.862396778382513673e+01 1.051553105870374871e+00
6.925354546991528082e+01 1.060433802492199540e+00
6.988312315600541069e+01 1.406358892150912032e+00
7.051270084209555478e+01 8.152289030819206417e-01
7.114227852818568465e+01 9.937298700551318031e-01
7.177185621427582873e+01 9.628726944713884572e-01
7.240143390036597282e+01 1.060253507624892455e+00
7.303101158645610269e+01 1.022629474399712635e+00
7.366058927254624678e+01 1.469049689186373353e+00
7.429016695863637665e+01 1.365399937336696068e+00
7.491974464472652073e+01 9.528783723518203796e-01
7.554932233081666482e+01 1.041637376312888552e+00
7.617890001690680890e+01 7.491223040617276396e-01
7.680847770299695298e+01 1.166631008867009767e+00
7.743805538908708286e+01 1.169893018362325288e+00
7.806763307517722694e+01 1.037714959336920151e+00
7.869721076126735682e+01 9.013599186456232593e-01
7.932678844735750090e+01 1.459766394110845411e+00
7.995636613344763077e+01 8.222767234924793778e-01
8.058594381953777486e+01 1.154170740594966160e+00
8.121552150562791894e+01 1.035959966820797051e+00
8.184509919171804881e+01 1.302293956976817713e+00
8.247467687780819290e+01 1.478425287286776690e+00
8.310425456389832277e+01 9.852540166497302243e-01
8.373383224998846686e+01 1.104127201257322666e+00
8.436340993607859673e+01 1.217548323859121373e+00
8.499298762216874081e+01 1.050096123889777244e+00
8.562256530825888490e+01 1.153560500988707549e+00
8.625214299434902898e+01 9.646865533190871478e-01
8.688172068043917307e+01 1.105968296091065728e+00
8.751129836652930294e+01 9.429096081760577341e-01
8.814087605261944702e+01 9.471576892814226323e-01
8.877045373870957690e+01 9.558877033680762692e-01
8.940003142479972098e+01 1.209212103087608625e+00
9.002960911088986506e+01 1.176421540469526850e+00
9.065918679697999494e+01 1.243500916208869933e+00
9.128876448307013902e+01 1.085396033042628661e+00
9.191834216916026890e+01 1.212762012563536551e+00
9.254791985525041298e+01 1.172795187365201830e+00
9.317749754134054285e+01 1.179113693142388675e+00
9.380707522743068694e+01 1.108714948102004438e+00
9.443665291352083102e+01 1.347589238225280983e+00
9.506623059961097510e+01 1.111760807429753140e+00
9.569580828570110498e+01 1.263937360989923375e+00
9.632538597179124906e+01 8.302670287417428518e-01
9.695496365788139315e+01 1.156355711031926248e+00
9.758454134397152302e+01 1.223219290748193799e+00
9.821411903006166710e+01 1.028318282015309171e+00
9.884369671615181119e+01 1.420250554749293626e+00
9.947327440224194106e+01 1.222581131135461296e+00
1.001028520883320709e+02 1.093400275549605727e+00
1.007324297744222292e+02 1.038840122249060416e+00
1.013620074605123591e+02 1.427946797411860480e+00
1.019915851466024890e+02 1.022030990195841760e+00
1.026211628326926188e+02 1.140082404008575079e+00
1.032507405187827771e+02 1.416610785994665944e+00
1.038803182048729070e+02 1.176061786944333498e+00
1.045098958909630511e+02 1.356165492928985472e+00
1.051394735770531952e+02 1.124012736307875127e+00
1.057690512631433251e+02 1.185401973583907198e+00
1.063986289492334691e+02 1.292383953178706690e+00
1.070282066353235990e+02 1.131580468716416377e+00
1.076577843214137573e+02 1.394063561398627638e+00
1.082873620075038872e+02 9.476043471833128784e-01
1.089169396935940171e+02 1.300008105944473247e+00
1.095465173796841754e+02 1.292007283483231683e+00
1.101760950657743052e+02 1.259021386073551740e+00
1.108056727518644351e+02 1.246619312696122694e+00
1.114352504379545650e+02 1.046566721227360164e+00
1.120648281240447233e+02 9.243276045264362528e-01
1.126944058101348531e+02 1.046506925358557494e+00
1.133239834962249830e+02 1.280962558453129674e+00
1.139535611823151413e+02 1.175202178992995838e+00
1.145831388684052712e+02 1.245586608882079727e+00
1.152127165544954153e+02 1.127157835249458451e+00
1.158422942405855451e+02 1.381790553111937880e+00
1.164718719266757034e+02 1.144450580971841047e+00
1.171014496127658333e+02 1.367148742472365397e+00
1.177310272988559632e+02 1.448603492146745442e+00
1.183606049849461215e+02 1.262002383876893896e+00
1.189901826710362513e+02 1.101166509629996515e+00
1.196197603571263812e+02 1.078460841913675416e+00
1.202493380432165111e+02 1.492655458959566417e+00
1.208789157293066694e+02 1.327935572888805593e+00
1.215084934153967993e+02 9.312588627963358512e-01
1.221380711014869291e+02 1.095915893065317892e+00
1.227676487875770874e+02 1.236817051051431360e+00
1.233972264736672173e+02 1.376202312443695952e+00
1.240268041597573472e+02 1.475582132709081895e+00
1.246563818458474913e+02 8.958506589130292852e-01
1.252859595319376353e+02 9.870328479825368762e-01
1.259155372180277794e+02 1.031349907078589867e+00
1.265451149041179093e+02 8.815688142699299457e-01
1.271746925902080534e+02 8.666585670555901899e-01
1.278042702762981975e+02 1.495191806579286187e+00
1.284338479623883131e+02 1.314375621059307164e+00
1.290634256484784714e+02 1.362460021750583561e+00
1.296930033345686013e+02 9.123336869254566883e-01
1.303225810206587312e+02 1.338128427358108885e+00
1.309521587067488895e+02 1.371947476718093251e+00
1.315817363928390193e+02 1.039635584499428056e+00
1.322113140789291776e+02 1.387888601006187050e+00
1.328408917650193075e+02 1.025314309524472556e+00
1.334704694511094374e+02 1.486652198315102869e+00
1.341000471371995957e+02 1.133746873645228970e+00
1.347296248232897256e+02 1.583995315942872351e+00
1.353592025093798554e+02 1.335926228474505928e+00
1.359887801954700137e+02 1.122998171443553073e+00
1.366183578815601436e+02 1.329490479025382754e+00
1.372479355676502735e+02 1.175104368888186368e+00
1.378775132537404033e+02 1.190801238431634657e+00
1.385070909398305616e+02 1.146744690133128630e+00
1.391366686259206915e+02 1.133382646946987427e+00
1.397662463120108214e+02 1.117805013179272056e+00
1.403958239981009797e+02 1.477757201831258804e+00
1.410254016841911096e+02 1.304793850481035467e+00
1.416549793702812394e+02 8.526105773601584392e-01
1.422845570563713693e+02 1.018602741733579453e+00
1.429141347424615276e+02 1.165830552013958243e+00
1.435437124285516575e+02 1.286853955933786597e+00
1.441732901146417873e+02 1.452942876328803479e+00
1.448028678007319456e+02 1.384352348762865059e+00
1.454324454868220755e+02 1.315666014205316925e+00
1.460620231729122054e+02 1.454812763327017144e+00
1.466916008590023353e+02 1.118363453086181458e+00
1.473211785450924936e+02 1.178138745362389272e+00
1.479507562311826234e+02 1.133631421259314820e+00
1.485803339172727533e+02 1.388811802576859211e+00
1.492099116033629116e+02 1.005100334590058875e+00
1.498394892894530415e+02 1.316567437328980850e+00
1.504690669755431998e+02 1.565475243189438093e+00
1.510986446616333296e+02 1.520228001959551101e+00
1.517282223477234879e+02 1.366082832145610881e+00
1.523578000338136178e+02 1.237983992472403427e+00
1.529873777199037477e+02 1.413263447559619079e+00
1.536169554059939060e+02 1.219647371765640642e+00
1.542465330920840358e+02 1.674318135378702666e+00
1.548761107781741657e+02 1.241266455332017626e+00
1.555056884642642956e+02 1.600014770862074442e+00
1.561352661503544539e+02 1.142823298185311920e+00
1.567648438364445838e+02 1.611429140691370554e+00
1.573944215225347136e+02 2.134901226146085573e+00
1.580239992086248719e+02 8.772922971119605506e-01
1.586535768947150018e+02 1.283353848213390602e+00
1.592831545808051317e+02 1.249804239805843764e+00
1.599127322668952615e+02 1.472693644327246698e+00
1.605423099529854198e+02 1.399743353762370912e+00
1.611718876390755497e+02 1.769328497437666403e+00
1.618014653251656796e+02 1.217720286997607149e+00
1.624310430112558379e+02 1.128650426841145027e+00
1.630606206973459678e+02 1.026047595259293788e+00
1.636901983834360976e+02 1.522780538288344143e+00
1.643197760695262275e+02 1.776656918041716882e+00
1.649493537556163858e+02 1.526540917086780302e+00
1.655789314417065157e+02 1.356809881638394444e+00
1.662085091277966455e+02 1.117770123223130074e+00
1.668380868138868038e+02 1.433764974767913092e+00
1.674676644999769337e+02 1.173664352853786008e+00
1.680972421860670636e+02 1.349615975811278679e+00
1.687268198721571935e+02 1.231093181549183679e+00
1.693563975582473518e+02 1.329448135282967680e+00
1.699859752443374816e+02 1.376095807599319487e+00
1.706155529304276399e+02 9.244096328545916563e-01
1.712451306165177698e+02 1.240930439759277304e+00
1.718747083026079281e+02 1.042381784759451868e+00
1.725042859886980580e+02 1.242686067113685455e+00
1.731338636747881878e+02 1.230634206507193351e+00
1.737634413608783461e+02 1.454872342278420883e+00
1.743930190469684760e+02 1.262959728541014570e+00
1.750225967330586059e+02 1.231717335552427794e+00
1.756521744191487642e+02 1.203058208872053392e+00
1.762817521052388940e+02 1.385298145745472054e+00
1.769113297913290239e+02 1.701276635189536091e+00
1.775409074774191538e+02 1.462657692656783137e+00
1.781704851635093121e+02 1.912873020157872750e+00
1.788000628495994420e+02 1.163651622134825869e+00
1.794296405356895718e+02 1.491859639961147233e+00
1.800592182217797301e+02 1.254085124113123895e+00
1.806887959078698600e+02 1.469844261466985769e+00
1.813183735939599899e+02 1.383490989076099575e+00
1.819479512800501197e+02 1.196587693543976982e+00
1.825775289661402780e+02 1.376042869579963135e+00
1.832071066522304079e+02 1.592096303946052949e+00
1.838366843383205378e+02 1.215652862158749015e+00
1.844662620244106961e+02 1.696262873802235838e+00
1.850958397105008260e+02 1.121185483865899890e+00
1.857254173965909558e+02 1.928789509256087609e+00
1.863549950826810857e+02 1.406425272986964403e+00
1.869845727687712440e+02 1.507345269040982760e+00
1.876141504548613739e+02 1.375353012472826819e+00
1.882437281409515037e+02 1.318992903566808428e+00
1.888733058270416620e+02 1.567075314472388570e+00
1.895028835131317919e+02 1.526091255768600607e+00
1.901324611992219502e+02 1.752080084408694116e+00
1.907620388853120801e+02 1.156675436297503134e+00
1.913916165714022100e+02 2.127948075479771273e+00
1.920211942574923683e+02 1.419514601675761822e+00
1.926507719435824981e+02 1.579874389690389291e+00
1.932803496296726564e+02 1.708622267892359714e+00
1.939099273157627863e+02 1.621201032515231510e+00
1.945395050018529162e+02 1.488919938218207673e+00
1.951690826879430460e+02 1.728626561176521914e+00
1.957986603740332043e+02 1.938989954956277906e+00
1.964282380601233342e+02 1.411635042257282979e+00
1.970578157462134641e+02 1.389536188158324803e+00
1.976873934323036224e+02 1.548036905292416110e+00
1.983169711183937522e+02 1.240723929220639121e+00
1.989465488044838821e+02 1.642895395227354394e+00
1.995761264905740120e+02 1.569195423263016309e+00
2.002057041766641419e+02 1.519582523708754795e+00
2.008352818627543002e+02 1.626034610889421916e+00
2.014648595488444585e+02 1.361119572826833934e+00
2.020944372349345599e+02 1.374764002112917716e+00
2.027240149210247182e+02 1.482468021056139840e+00
2.033535926071148765e+02 1.647659175606628557e+00
2.039831702932049780e+02 1.749121086325416519e+00
2.046127479792951362e+02 1.313331412810056387e+00
2.052423256653852377e+02 1.762611927165558701e+00
2.058719033514753960e+02 2.049204451178772146e+00
2.065014810375655543e+02 1.998829912971695322e+00
2.071310587236556557e+02 2.049808309292116437e+00
2.077606364097458140e+02 1.713188261675558044e+00
2.083902140958359723e+02 1.848334967147896801e+00
2.090197917819261022e+02 1.226899291712206796e+00
2.096493694680162321e+02 1.817156630805048190e+00
2.102789471541063904e+02 1.527505504272303138e+00
2.109085248401965202e+02 1.851698137709306913e+00
2.115381025262866501e+02 1.913903659744571550e+00
2.121676802123768084e+02 1.474090290050551477e+00
2.127972578984669383e+02 1.384017606561289027e+00
2.134268355845570966e+02 1.722320073642216398e+00
2.140564132706471980e+02 1.628356935133111527e+00
2.146859909567373563e+02 1.444279355042921376e+00
2.153155686428275146e+02 1.752692482336342339e+00
2.159451463289176161e+02 1.693503171750515124e+00
2.165747240150077744e+02 1.527208612771004947e+00
2.172043017010979327e+02 1.206142965716675564e+00
2.178338793871880341e+02 1.581601177561928973e+00
2.184634570732781924e+02 2.011197146829395432e+00
2.190930347593683507e+02 1.280838240472992995e+00
2.197226124454584522e+02 1.779007419151728886e+00
2.203521901315486105e+02 1.840709376233970795e+00
2.209817678176387687e+02 1.548439522427808690e+00
2.216113455037288702e+02 1.349514267967841574e+00
2.222409231898190285e+02 1.548919638784129971e+00
2.228705008759091299e+02 1.637420346599611776e+00
2.235000785619992882e+02 1.384401482437705777e+00
2.241296562480894465e+02 1.638603539370971918e+00
2.247592339341795480e+02 1.857571205727669650e+00
2.253888116202697063e+02 1.735959841524126857e+00
2.260183893063598646e+02 2.047729945591261647e+00
2.266479669924499660e+02 1.418741467113559862e+00
2.272775446785401243e+02 2.002260442558341680e+00
2.279071223646302826e+02 1.850875204517928418e+00
2.285367000507204125e+02 1.546660599076616904e+00
2.291662777368105424e+02 1.656047854287477472e+00
2.297958554229007007e+02 1.647642057368982504e+00
2.304254331089908305e+02 1.904805964246970129e+00
2.310550107950809604e+02 1.887379352754910533e+00
2.316845884811710903e+02 1.745713430718847325e+00
2.323141661672612486e+02 1.616406600430248863e+00
2.329437438533514069e+02 1.763118516110131262e+00
2.335733215394415083e+02 2.099764937943809251e+00
2.342028992255316666e+02 1.881584930009500223e+00
2.348324769116218249e+02 1.380189599036996118e+00
2.354620545977119264e+02 2.041910393164119597e+00
2.360916322838020847e+02 1.984048542132074378e+00
2.367212099698922430e+02 1.725835334611655503e+00
2.373507876559823444e+02 1.901080693956797685e+00
2.379803653420725027e+02 1.672598947452580420e+00
2.386099430281626610e+02 2.134718116089763917e+00
2.392395207142527624e+02 2.099934025324216691e+00
2.398690984003429207e+02 1.649415255727388008e+00
2.404986760864330222e+02 1.717740692093042254e+00
2.411282537725231805e+02 1.931333585482286619e+00
2.417578314586133388e+02 2.061459001164457572e+00
2.423874091447034402e+02 1.832626093491699359e+00
2.430169868307935985e+02 1.411922199488686136e+00
2.436465645168837568e+02 1.636534837953740773e+00
2.442761422029738583e+02 1.833025111560705467e+00
2.449057198890640166e+02 1.982225296579431806e+00
2.455352975751541749e+02 1.484061540361627740e+00
2.461648752612442763e+02 1.536160719753038473e+00
2.467944529473344346e+02 1.914846602066042847e+00
2.474240306334245929e+02 1.815208019500111458e+00
2.480536083195146944e+02 1.707882270640784350e+00
2.486831860056048527e+02 2.105050200029386254e+00
2.493127636916949825e+02 1.954650048580482080e+00
2.499423413777851124e+02 1.500371896970500885e+00
2.505719190638752707e+02 1.815739372641062443e+00
2.512014967499654006e+02 1.849523335125753842e+00
2.518310744360555589e+02 1.879092061757395626e+00
2.524606521221456887e+02 1.798623777193907758e+00
2.530902298082358186e+02 2.054823755894334081e+00
2.537198074943259769e+02 1.920562727632605160e+00
2.543493851804161068e+02 1.821812380861501435e+00
2.549789628665062367e+02 2.263334826128265753e+00
2.556085405525963949e+02 1.738696410584408270e+00
2.562381182386865248e+02 1.882912747537801135e+00
2.568676959247766263e+02 1.798202880949169469e+00
2.574972736108667846e+02 1.624079175913394568e+00
2.581268512969569429e+02 1.817454814763677318e+00
2.587564289830470443e+02 1.591344316383551227e+00
2.593860066691372026e+02 1.964174064389243357e+00
2.600155843552273609e+02 1.842641306120259559e+00
2.606451620413174624e+02 2.032125074251999397e+00
2.612747397274076206e+02 1.972434398038198866e+00
2.619043174134977789e+02 2.199124889284725270e+00
2.625338950995879372e+02 2.486452076851050741e+00
2.631634727856780387e+02 2.117817354563667820e+00
2.637930504717681970e+02 1.947909151366060909e+00
2.644226281578583553e+02 2.088934866337306850e+00
2.650522058439485136e+02 2.166613463155619090e+00
2.656817835300386150e+02 2.028418100255023226e+00
2.663113612161287733e+02 1.843202126476451097e+00
2.669409389022188748e+02 1.995933092850725066e+00
2.675705165883090331e+02 2.200065268365198001e+00
2.682000942743991914e+02 1.883432621591900613e+00
2.688296719604892928e+02 1.865618053453949488e+00
2.694592496465794511e+02 2.017450674091499252e+00
2.700888273326696094e+02 2.143056857555745154e+00
2.707184050187597109e+02 1.990582426492372381e+00
2.713479827048498692e+02 2.345373878117039901e+00
2.719775603909400274e+02 1.972098725150605913e+00
2.726071380770301289e+02 2.166653778858787405e+00
2.732367157631202872e+02 2.017093263711870144e+00
2.738662934492104455e+02 2.316870564367145224e+00
2.744958711353005469e+02 2.252381766845216848e+00
2.751254488213907052e+02 2.538340983604570944e+00
2.757550265074808067e+02 2.059740015203264552e+00
2.763846041935709650e+02 2.065040408354285706e+00
2.770141818796611233e+02 1.930370194904644565e+00
2.776437595657512247e+02 2.191058222353238438e+00
2.782733372518413830e+02 1.984729985456588519e+00
2.789029149379315413e+02 2.226553413651020552e+00
2.795324926240216428e+02 1.940936229179346828e+00
2.801620703101118011e+02 2.488826787204593494e+00
2.807916479962019594e+02 2.429951313868849105e+00
2.814212256822920608e+02 2.275774576931009374e+00
2.820508033683822191e+02 1.944049675804395694e+00
2.826803810544723774e+02 2.155878197275503894e+00
2.833099587405624789e+02 2.273909457186494176e+00
2.839395364266526371e+02 2.430997942217930863e+00
2.845691141127427386e+02 2.183534373141926110e+00
2.851986917988328969e+02 2.051388835978256164e+00
2.858282694849230552e+02 2.267264381976418886e+00
2.864578471710131566e+02 2.476168315074225745e+00
2.870874248571033149e+02 2.141680695180131266e+00
2.877170025431934732e+02 2.308224772069932929e+00
2.883465802292835747e+02 2.233185798970157343e+00
2.889761579153737330e+02 2.154608211494472680e+00
2.896057356014638913e+02 2.190055766419856109e+00
2.902353132875539927e+02 1.872235765171836430e+00
2.908648909736441510e+02 2.014439943393904642e+00
2.914944686597343093e+02 1.988583389538923551e+00
2.921240463458244108e+02 2.607827071627451865e+00
2.927536240319145691e+02 2.005251649419623750e+00
2.933832017180046705e+02 2.125832917911527176e+00
2.940127794040948288e+02 2.212714748670262743e+00
2.946423570901849871e+02 1.949319899144041912e+00
2.952719347762750886e+02 2.072884349575473184e+00
2.959015124623652468e+02 2.193558672568582057e+00
2.965310901484554051e+02 2.473450961228427225e+00
2.971606678345455066e+02 2.557475164468538953e+00
2.977902455206356649e+02 2.282160369066107641e+00
2.984198232067258232e+02 2.679769376078302123e+00
2.990494008928159246e+02 2.344066583428942252e+00
2.996789785789060829e+02 1.954294607579835752e+00
3.003085562649962412e+02 2.067070238532404680e+00
3.009381339510863995e+02 2.650868636391758404e+00
3.015677116371765010e+02 2.424933059343459707e+00
3.021972893232666593e+02 2.450357816782358089e+00
3.028268670093568176e+02 2.186028669978766992e+00
3.034564446954469759e+02 2.412781155422733637e+00
3.040860223815370773e+02 2.381914100057226591e+00
3.047156000676272356e+02 2.633706736846149088e+00
3.053451777537173939e+02 2.242863528350395264e+00
3.059747554398074953e+02 2.578565125376185652e+00
3.066043331258976536e+02 2.614920356147503178e+00
3.072339108119878119e+02 2.513318070418030459e+00
3.078634884980779134e+02 2.948493007600363036e+00
3.084930661841680717e+02 2.443370305920842256e+00
3.091226438702582300e+02 2.581471386547201874e+00
3.097522215563483314e+02 2.356680576657510517e+00
3.103817992424384897e+02 2.459454191332640871e+00
3.110113769285285912e+02 2.207203589123136300e+00
3.116409546146187495e+02 2.420114565480937951e+00
3.122705323007089078e+02 2.588375695694398626e+00
3.129001099867990092e+02 2.396310647091123069e+00
3.135296876728891675e+02 2.758579792254245433e+00
3.141592653589793258e+02 2.328802532758104338e+00
