0.000000000000000000e+00 2.007946102159806068e-01
3.147888430450694348e-03 -8.914867339643618716e-02
6.295776860901388695e-03 1.374947146665464748e-01
9.443665291352083477e-03 -1.048811412544646826e-01
1.259155372180277739e-02 4.509564876217323631e-02
1.573944215225347304e-02 1.696553852922994821e-01
1.888733058270416695e-02 4.501324467964432641e-01
2.203521901315486087e-02 -6.629526190389894991e-02
2.518310744360555478e-02 1.887790397182775581e-01
2.833099587405624870e-02 -2.907416583767671869e-01
3.147888430450694608e-02 -1.185514321470899635e-01
3.462677273495763652e-02 -9.995719467033634120e-02
3.777466116540833391e-02 4.280476993709764755e-01
4.092254959585902435e-02 9.227983297435907173e-02
4.407043802630972174e-02 3.039136334854586341e-01
4.721832645676041218e-02 1.017247887333454226e-01
5.036621488721110956e-02 -3.532257871692857654e-01
5.351410331766180695e-02 -1.698687773837754406e-02
5.666199174811249739e-02 -2.630629615375447150e-01
5.980988017856319477e-02 4.093885561966930653e-01
6.295776860901389216e-02 5.678036600562644254e-02
6.610565703946458260e-02 4.474970097712654415e-01
6.925354546991527305e-02 3.752447992501198870e-01
7.240143390036596349e-02 3.237790119341871775e-01
7.554932233081666781e-02 -7.041277962623991582e-02
7.869721076126735826e-02 2.238449646995260556e-01
8.184509919171804870e-02 1.041669273761178655e-01
8.499298762216875303e-02 2.768609319431539206e-01
8.814087605261944347e-02 -1.718490029205861636e-02
9.128876448307013391e-02 9.830607514063341434e-02
9.443665291352082436e-02 3.852590503145401218e-02
9.758454134397152868e-02 -5.655777233173467367e-02
1.007324297744222191e-01 -2.442302666338881656e-01
1.038803182048729096e-01 1.644021341559966098e-02
1.070282066353236139e-01 4.654093924039555408e-02
1.101760950657743043e-01 -1.044271515935385475e-02
1.133239834962249948e-01 7.959585585026640597e-02
1.164718719266756852e-01 3.848166338726708435e-01
1.196197603571263895e-01 1.934494548427577731e-01
1.227676487875770800e-01 7.407805605590604692e-02
1.259155372180277843e-01 -1.325050262375368215e-01
1.290634256484784748e-01 3.154679106561769641e-01
1.322113140789291652e-01 -4.247507137296180346e-02
1.353592025093798557e-01 5.005357399570019572e-01
1.385070909398305461e-01 3.471391042931347704e-01
1.416549793702812365e-01 -9.091399513476230987e-02
1.448028678007319270e-01 -7.723268019539314411e-02
1.479507562311826452e-01 6.214359542076187959e-02
1.510986446616333356e-01 9.811796617980680923e-02
1.542465330920840261e-01 -9.012975920477611647e-02
1.573944215225347165e-01 3.138428228676763965e-01
1.605423099529854070e-01 1.407138995857266928e-01
1.636901983834360974e-01 6.937084506745813672e-02
1.668380868138867879e-01 -8.796071764919061176e-03
1.699859752443375061e-01 4.747041982559521700e-02
1.731338636747881965e-01 2.051714981879548816e-01
1.762817521052388869e-01 2.184359283576081945e-01
1.794296405356895774e-01 1.051370508115705565e-01
1.825775289661402678e-01 2.809831716394460832e-01
1.857254173965909583e-01 2.138372275058394723e-01
1.888733058270416487e-01 2.135449943637420800e-01
1.920211942574923669e-01 7.045412825841534943e-04
1.951690826879430574e-01 2.917359460606515631e-01
1.983169711183937478e-01 2.350579650283800559e-01
2.014648595488444383e-01 -1.661310980347882882e-01
2.046127479792951287e-01 -3.498521870660686872e-02
2.077606364097458191e-01 1.803761211758724003e-01
2.109085248401965096e-01 1.828615003158017005e-01
2.140564132706472278e-01 -1.080285702677904747e-01
2.172043017010979182e-01 1.266024612462984533e-01
2.203521901315486087e-01 6.930708696909659849e-02
2.235000785619992991e-01 -1.815293639220862398e-01
2.266479669924499896e-01 -2.075387064759472988e-01
2.297958554229006800e-01 4.149526802479492349e-01
2.329437438533513705e-01 1.737634314025151283e-01
2.360916322838020887e-01 1.980325895799189551e-01
2.392395207142527791e-01 7.196047187624143859e-01
2.423874091447034695e-01 2.793801077756756235e-01
2.455352975751541600e-01 2.841568400571696240e-01
2.486831860056048504e-01 3.688041998391888843e-02
2.518310744360555686e-01 1.433728230010157256e-01
2.549789628665062313e-01 4.628706074216764055e-01
2.581268512969569495e-01 7.659868391459975778e-02
2.612747397274076122e-01 2.246464490043120210e-01
2.644226281578583304e-01 1.167132276388472001e-01
2.675705165883089931e-01 2.381536944440109660e-01
2.707184050187597113e-01 1.482153534447074594e-01
2.738662934492104295e-01 2.129736363342931704e-01
2.770141818796610922e-01 -1.427298727197492401e-01
2.801620703101118104e-01 1.644651107934548273e-01
2.833099587405624731e-01 2.415832056162217356e-01
2.864578471710131913e-01 5.698704621938979198e-01
2.896057356014638540e-01 3.462065168858611264e-01
2.927536240319145722e-01 6.565397892386766188e-01
2.959015124623652904e-01 7.769114403943810920e-01
2.990494008928159531e-01 2.309523855922629987e-01
3.021972893232666713e-01 1.684163627956669629e-02
3.053451777537173339e-01 4.601002351221075704e-01
3.084930661841680521e-01 7.435323558675005495e-01
3.116409546146187148e-01 1.131102636003205875e-01
3.147888430450694330e-01 4.003548530085693224e-01
3.179367314755201512e-01 4.614409526243632431e-01
3.210846199059708139e-01 3.819657023043898647e-01
3.242325083364215321e-01 5.410811121770702226e-01
3.273803967668721948e-01 6.341955636759952775e-01
3.305282851973229130e-01 1.747027978547893434e-01
3.336761736277735757e-01 4.839565091918012207e-01
3.368240620582242939e-01 2.697642069221393157e-01
3.399719504886750121e-01 8.146504080094545408e-01
3.431198389191256748e-01 4.289390015093277331e-01
3.462677273495763930e-01 1.670866685531684492e-01
3.494156157800270557e-01 -1.116971707452502072e-02
3.525635042104777739e-01 5.328928074451727559e-02
3.557113926409284366e-01 1.902338683203525227e-01
3.588592810713791548e-01 6.152664884121598066e-01
3.620071695018298730e-01 4.850299695750172058e-01
3.651550579322805357e-01 2.955014046153624507e-01
3.683029463627312539e-01 4.246885288550175663e-01
3.714508347931819165e-01 7.199165122598103483e-01
3.745987232236326347e-01 3.878991956333328051e-01
3.777466116540832974e-01 3.353200350420628695e-01
3.808945000845340156e-01 2.988491445535831348e-01
3.840423885149847338e-01 3.072830458968781042e-01
3.871902769454353965e-01 2.432961317856972283e-01
3.903381653758861147e-01 1.511417518658358938e-02
3.934860538063367774e-01 2.404745147983090581e-01
3.966339422367874956e-01 3.647181054988416493e-01
3.997818306672381583e-01 4.340947890922851604e-01
4.029297190976888765e-01 1.661045197325722589e-01
4.060776075281395947e-01 7.419257635153492236e-01
4.092254959585902574e-01 7.190521475656921346e-01
4.123733843890409756e-01 5.036624331379651043e-01
4.155212728194916383e-01 5.444264170621248011e-01
4.186691612499423565e-01 4.628707971484323780e-01
4.218170496803930192e-01 7.374227164418905023e-01
4.249649381108437374e-01 4.423243273324237723e-01
4.281128265412944556e-01 2.687862016521683772e-01
4.312607149717451183e-01 6.370848234058317239e-01
4.344086034021958365e-01 2.641955168849289270e-01
4.375564918326464992e-01 4.666609353061694776e-01
4.407043802630972174e-01 5.723246008539095708e-01
4.438522686935478800e-01 4.565698872521407048e-01
4.470001571239985982e-01 4.128458370382245834e-01
4.501480455544493164e-01 1.304475190774846416e-01
4.532959339848999791e-01 2.911215043273847058e-01
4.564438224153506973e-01 5.768277439974867082e-01
4.595917108458013600e-01 4.981416778993965067e-01
4.627395992762520782e-01 8.875780514831232981e-01
4.658874877067027409e-01 4.548075632416527792e-01
4.690353761371534591e-01 6.500428797872482845e-01
4.721832645676041773e-01 1.553061962191223944e-01
4.753311529980548400e-01 3.956058199290557464e-01
4.784790414285055582e-01 7.921310574769194757e-01
4.816269298589562209e-01 6.229939763657191820e-01
4.847748182894069391e-01 6.021357757462570959e-01
4.879227067198576018e-01 2.963067311074779608e-01
4.910705951503083200e-01 5.671330552006952352e-01
4.942184835807590382e-01 3.779083238653618282e-01
4.973663720112097009e-01 6.874010165840857001e-01
5.005142604416603636e-01 2.251655038964511801e-01
5.036621488721111373e-01 2.789433847387623455e-01
5.068100373025618000e-01 5.093630399770078254e-01
5.099579257330124626e-01 1.632548778926137811e-01
5.131058141634631253e-01 3.217011770753906985e-01
5.162537025939138990e-01 5.138549691509153305e-01
5.194015910243645617e-01 3.504634054349579642e-01
5.225494794548152244e-01 2.316619006030091188e-01
5.256973678852659981e-01 7.216040361724773700e-01
5.288452563157166608e-01 5.830261477035147966e-01
5.319931447461673235e-01 3.786115328499459753e-01
5.351410331766179862e-01 5.505709861351797407e-01
5.382889216070687599e-01 4.880775378148523580e-01
5.414368100375194226e-01 4.897063376698407300e-01
5.445846984679700853e-01 7.856157231323896983e-01
5.477325868984208590e-01 6.538323734008604227e-01
5.508804753288715217e-01 4.905107062083138847e-01
5.540283637593221844e-01 5.382003824755647869e-01
5.571762521897728471e-01 6.127483136155200683e-01
5.603241406202236208e-01 4.585341462806389323e-01
5.634720290506742835e-01 6.994379277563353980e-01
5.666199174811249462e-01 2.058548110390650554e-01
5.697678059115757199e-01 6.944013186798280168e-01
5.729156943420263826e-01 7.330186544602749210e-01
5.760635827724770452e-01 6.227700235248928573e-01
5.792114712029277079e-01 4.133965984660364912e-01
5.823593596333784816e-01 4.580205145353067331e-01
5.855072480638291443e-01 7.070057829445908215e-01
5.886551364942798070e-01 5.690726868196090971e-01
5.918030249247305807e-01 6.422274425239393736e-01
5.949509133551812434e-01 6.741029532403037816e-01
5.980988017856319061e-01 5.874754911978674610e-01
6.012466902160825688e-01 7.213161641664425083e-01
6.043945786465333425e-01 4.045447352468278801e-01
6.075424670769840052e-01 6.678191783173045293e-01
6.106903555074346679e-01 2.245244396321457447e-01
6.138382439378854416e-01 4.067707270321980761e-01
6.169861323683361043e-01 6.690834138993660973e-01
6.201340207987867670e-01 5.637435482882816595e-01
6.232819092292374297e-01 3.081268323530557685e-01
6.264297976596882034e-01 7.358229971334083741e-01
6.295776860901388661e-01 6.282564915699772046e-01
6.327255745205895288e-01 3.941019539417540685e-01
6.358734629510403025e-01 7.053152467898646805e-01
6.390213513814909652e-01 5.462883402598150973e-01
6.421692398119416278e-01 5.830864260852168801e-01
6.453171282423922905e-01 6.377622148730544005e-01
6.484650166728430642e-01 2.870612548729575830e-01
6.516129051032937269e-01 5.138905793364721974e-01
6.547607935337443896e-01 6.322168804408052623e-01
6.579086819641951633e-01 3.621150572851934424e-01
6.610565703946458260e-01 4.710583017351562263e-01
6.642044588250964887e-01 5.481240070533983655e-01
6.673523472555471514e-01 4.676971630469336505e-01
6.705002356859979251e-01 6.250716293440777838e-01
6.736481241164485878e-01 5.518116166070976547e-01
6.767960125468992505e-01 4.391049887886843139e-01
6.799439009773500242e-01 5.185847246811031708e-01
6.830917894078006869e-01 3.940305317112082206e-01
6.862396778382513496e-01 5.002289586911582431e-01
6.893875662687020123e-01 7.327733475216077208e-01
6.925354546991527860e-01 8.795907084608358684e-01
6.956833431296034487e-01 9.885527774668969592e-01
6.988312315600541114e-01 6.841474192347517524e-01
7.019791199905048851e-01 6.293308072565290123e-01
7.051270084209555478e-01 1.018329367921873896e+00
7.082748968514062105e-01 7.499309112121398391e-01
7.114227852818568731e-01 9.380368266772474151e-01
7.145706737123076469e-01 5.924118859101245027e-01
7.177185621427583095e-01 7.877906597627433172e-01
7.208664505732089722e-01 9.212922469315087959e-01
7.240143390036597459e-01 8.700993475162420721e-01
7.271622274341104086e-01 4.401682673534931256e-01
7.303101158645610713e-01 8.162041133331290332e-01
7.334580042950117340e-01 4.700998084762488816e-01
7.366058927254625077e-01 5.724912475331019879e-01
7.397537811559131704e-01 5.496481542989504199e-01
7.429016695863638331e-01 6.348492659269856508e-01
7.460495580168146068e-01 7.793475689084076174e-01
7.491974464472652695e-01 5.713425958567864837e-01
7.523453348777159322e-01 1.027446407720045585e+00
7.554932233081665949e-01 5.480839346450357974e-01
7.586411117386173686e-01 8.426100106721764460e-01
7.617890001690680313e-01 5.686447698428721553e-01
7.649368885995186940e-01 7.520927623554551911e-01
7.680847770299694677e-01 7.964559583501785722e-01
7.712326654604201304e-01 1.137092593545743657e+00
7.743805538908707931e-01 4.918850801605457734e-01
7.775284423213214557e-01 8.437021652770586577e-01
7.806763307517722295e-01 7.458051826370997173e-01
7.838242191822228921e-01 8.510000173240567234e-01
7.869721076126735548e-01 5.644413970220701904e-01
7.901199960431243285e-01 6.457825102200990264e-01
7.932678844735749912e-01 7.092344107833535860e-01
7.964157729040256539e-01 7.880825034575053012e-01
7.995636613344763166e-01 6.023455499369958499e-01
8.027115497649270903e-01 6.568102820936098096e-01
8.058594381953777530e-01 4.826615347059414196e-01
8.090073266258284157e-01 6.567268035872930732e-01
8.121552150562791894e-01 5.622465599105630485e-01
8.153031034867298521e-01 7.182580230679475042e-01
8.184509919171805148e-01 8.122139947485945699e-01
8.215988803476311775e-01 9.062932535849853588e-01
8.247467687780819512e-01 4.426161018169856298e-01
8.278946572085326139e-01 4.779380617158513478e-01
8.310425456389832766e-01 7.510737570064210944e-01
8.341904340694340503e-01 7.988842219467829908e-01
8.373383224998847130e-01 7.211658037676574873e-01
8.404862109303353757e-01 6.375789957740269909e-01
8.436340993607860383e-01 8.683890664943920701e-01
8.467819877912368121e-01 5.450584024892140000e-01
8.499298762216874747e-01 5.338262158295536963e-01
8.530777646521381374e-01 7.146052979991454057e-01
8.562256530825889111e-01 5.834699442461406260e-01
8.593735415130395738e-01 8.722369786374756240e-01
8.625214299434902365e-01 9.549909147396391518e-01
8.656693183739408992e-01 6.618277766041822385e-01
8.688172068043916729e-01 6.656071496522464326e-01
8.719650952348423356e-01 1.015765676255177219e+00
8.751129836652929983e-01 8.488204409235409198e-01
8.782608720957437720e-01 1.005198649219025686e+00
8.814087605261944347e-01 5.235841001527850036e-01
8.845566489566450974e-01 3.292832261655551096e-01
8.877045373870957601e-01 8.440787827576090585e-01
8.908524258175465338e-01 8.078336956474040376e-01
8.940003142479971965e-01 6.227831912457706398e-01
8.971482026784478592e-01 1.011307807142852955e+00
9.002960911088986329e-01 9.708026897363256635e-01
9.034439795393492956e-01 8.899153133607503596e-01
9.065918679697999583e-01 8.498468578035727194e-01
9.097397564002506209e-01 4.815638053594932244e-01
9.128876448307013947e-01 7.960606794918502205e-01
9.160355332611520573e-01 8.531562645959884783e-01
9.191834216916027200e-01 8.778012059249157284e-01
9.223313101220534937e-01 1.072281811546990760e+00
9.254791985525041564e-01 8.105153839354117817e-01
9.286270869829548191e-01 9.096905579750168558e-01
9.317749754134054818e-01 8.894955364203850356e-01
9.349228638438562555e-01 6.719661407757691052e-01
9.380707522743069182e-01 5.656826722084461467e-01
9.412186407047575809e-01 1.093883737200385342e+00
9.443665291352083546e-01 5.215848702072225507e-01
9.475144175656590173e-01 8.599962857468599342e-01
9.506623059961096800e-01 9.108476366171889271e-01
9.538101944265603427e-01 6.473266382473297220e-01
9.569580828570111164e-01 1.228643100312294845e+00
9.601059712874617791e-01 1.071390993036281269e+00
9.632538597179124418e-01 8.168825038260467686e-01
9.664017481483632155e-01 1.128692226953848188e+00
9.695496365788138782e-01 1.252275087358408090e+00
9.726975250092645409e-01 1.197231281459015806e+00
9.758454134397152036e-01 9.881388157844156472e-01
9.789933018701659773e-01 9.705209772772602772e-01
9.821411903006166400e-01 8.352679239311959769e-01
9.852890787310673026e-01 8.821077012757293501e-01
9.884369671615180764e-01 8.712155482379470017e-01
9.915848555919687390e-01 6.476868180069070835e-01
9.947327440224194017e-01 8.362808657636165988e-01
9.978806324528700644e-01 5.600532842978074299e-01
1.001028520883320727e+00 8.700065087034767330e-01
1.004176409313771501e+00 8.258592339404986493e-01
1.007324297744222275e+00 7.580695878373644447e-01
1.010472186174672826e+00 1.032870840089631592e+00
1.013620074605123600e+00 5.216626571068414542e-01
1.016767963035574374e+00 6.232350191717654919e-01
1.019915851466024925e+00 1.206003949589923074e+00
1.023063739896475699e+00 1.271651120317819128e+00
1.026211628326926251e+00 9.221779683436963637e-01
1.029359516757377024e+00 1.046849246196698502e+00
1.032507405187827798e+00 8.372458081955572728e-01
1.035655293618278350e+00 9.794377570877146333e-01
1.038803182048729123e+00 1.008977109498918834e+00
1.041951070479179897e+00 8.339789801441109818e-01
1.045098958909630449e+00 5.709855813614244102e-01
1.048246847340081223e+00 5.638391489974772242e-01
1.051394735770531996e+00 1.165826447333774496e+00
1.054542624200982548e+00 1.017834697753198903e+00
1.057690512631433322e+00 1.137157024542923667e+00
1.060838401061884095e+00 1.164282946838905097e+00
1.063986289492334647e+00 7.115543410046077932e-01
1.067134177922785421e+00 9.472982051142065929e-01
1.070282066353235972e+00 1.058683369819005904e+00
1.073429954783686746e+00 5.249587093064822518e-01
1.076577843214137520e+00 9.803492388313369554e-01
1.079725731644588071e+00 1.126722231374445826e+00
1.082873620075038845e+00 1.108718465749347182e+00
1.086021508505489619e+00 8.840956198017931866e-01
1.089169396935940171e+00 7.990273352170489396e-01
1.092317285366390944e+00 6.712801983250071824e-01
1.095465173796841718e+00 1.047507928256297127e+00
1.098613062227292270e+00 9.911064984809909717e-01
1.101760950657743043e+00 4.827769630596700501e-01
1.104908839088193817e+00 1.040007267303556748e+00
1.108056727518644369e+00 9.287647586511008635e-01
1.111204615949095142e+00 6.758629538558413863e-01
1.114352504379545694e+00 8.311162259053976875e-01
1.117500392809996468e+00 7.733465201469745809e-01
1.120648281240447242e+00 8.451574212141890197e-01
1.123796169670897793e+00 1.002284356960771117e+00
1.126944058101348567e+00 1.106332533650539851e+00
1.130091946531799341e+00 7.399181149650532197e-01
1.133239834962249892e+00 1.098355958578333791e+00
1.136387723392700666e+00 1.033500025410215128e+00
1.139535611823151440e+00 9.519778012798467692e-01
1.142683500253601991e+00 8.099154614404648900e-01
1.145831388684052765e+00 7.038108289632762915e-01
1.148979277114503539e+00 1.227429355616932893e+00
1.152127165544954090e+00 9.568444590063912569e-01
1.155275053975404864e+00 1.040798531567891150e+00
1.158422942405855416e+00 8.010981436524777788e-01
1.161570830836306190e+00 8.153266542319798083e-01
1.164718719266756963e+00 6.430418152202330706e-01
1.167866607697207515e+00 6.512122124163179926e-01
1.171014496127658289e+00 9.928546885699492952e-01
1.174162384558109062e+00 7.903076157548887259e-01
1.177310272988559614e+00 1.143790181339350287e+00
1.180458161419010388e+00 8.739978676537292213e-01
1.183606049849461161e+00 9.080164521100544395e-01
1.186753938279911713e+00 1.249904802738995846e+00
1.189901826710362487e+00 1.148498767373781648e+00
1.193049715140813261e+00 7.599049912298545539e-01
1.196197603571263812e+00 1.432436487715080364e+00
1.199345492001714586e+00 7.348623266726693748e-01
1.202493380432165138e+00 1.121249590224723258e+00
1.205641268862615911e+00 9.824468221492645981e-01
1.208789157293066685e+00 1.038061183727823744e+00
1.211937045723517237e+00 8.031756390444116933e-01
1.215084934153968010e+00 1.024718991574320004e+00
1.218232822584418784e+00 7.378202285989645670e-01
1.221380711014869336e+00 1.035698582621208397e+00
1.224528599445320109e+00 8.889609746220297204e-01
1.227676487875770883e+00 9.548552429944995312e-01
1.230824376306221435e+00 1.073099523194994021e+00
1.233972264736672209e+00 1.045430110139899060e+00
1.237120153167122982e+00 9.668278074116308796e-01
1.240268041597573534e+00 9.272936613884306123e-01
1.243415930028024308e+00 1.031700423722522464e+00
1.246563818458474859e+00 1.320167467943669681e+00
1.249711706888925633e+00 1.012317958087359804e+00
1.252859595319376407e+00 9.325003658149993990e-01
1.256007483749826958e+00 1.090407327436691443e+00
1.259155372180277732e+00 9.000095878154170670e-01
1.262303260610728506e+00 1.061225729262168960e+00
1.265451149041179058e+00 9.072723516724966464e-01
1.268599037471629831e+00 5.078722077753041741e-01
1.271746925902080605e+00 7.758771772128856270e-01
1.274894814332531157e+00 9.465836054744106720e-01
1.278042702762981930e+00 1.058499694636944710e+00
1.281190591193432704e+00 5.825690372770510050e-01
1.284338479623883256e+00 9.272224899676005938e-01
1.287486368054334029e+00 1.098175437968656576e+00
1.290634256484784581e+00 9.683771861739803866e-01
1.293782144915235355e+00 1.262443856535775399e+00
1.296930033345686128e+00 7.487958497125550839e-01
1.300077921776136680e+00 6.084688733702785512e-01
1.303225810206587454e+00 1.243325255908778848e+00
1.306373698637038228e+00 8.057107381974729643e-01
1.309521587067488779e+00 6.332639008552760629e-01
1.312669475497939553e+00 1.239073807788763748e+00
1.315817363928390327e+00 5.891022232869459474e-01
1.318965252358840878e+00 9.499045363101485950e-01
1.322113140789291652e+00 9.399075882238504542e-01
1.325261029219742426e+00 6.932009219792794052e-01
1.328408917650192977e+00 1.113700619212653509e+00
1.331556806080643751e+00 9.368900865928205812e-01
1.334704694511094303e+00 6.736749121073335456e-01
1.337852582941545077e+00 1.373623403628485784e+00
1.341000471371995850e+00 9.230057143537701014e-01
1.344148359802446402e+00 8.060048519116517207e-01
1.347296248232897176e+00 8.325719301828492513e-01
1.350444136663347949e+00 1.222648320549730938e+00
1.353592025093798501e+00 9.133026595332003339e-01
1.356739913524249275e+00 1.065014761317705450e+00
1.359887801954700048e+00 1.040149454411310570e+00
1.363035690385150600e+00 1.256159093606802557e+00
1.366183578815601374e+00 1.086998160850815465e+00
1.369331467246052148e+00 6.844903218624184271e-01
1.372479355676502699e+00 9.978147938183518084e-01
1.375627244106953473e+00 9.453192785451669522e-01
1.378775132537404025e+00 9.903736154446254325e-01
1.381923020967854798e+00 9.420833085804877216e-01
1.385070909398305572e+00 1.049463250399672143e+00
1.388218797828756124e+00 1.039004314052384359e+00
1.391366686259206897e+00 9.493612739411514401e-01
1.394514574689657671e+00 9.494842527708556856e-01
1.397662463120108223e+00 7.693958379204672848e-01
1.400810351550558996e+00 1.011443220432224344e+00
1.403958239981009770e+00 8.496891940626170037e-01
1.407106128411460322e+00 9.003853785193435266e-01
1.410254016841911096e+00 6.136982677591604762e-01
1.413401905272361869e+00 9.639582156323692752e-01
1.416549793702812421e+00 1.443733264891152723e+00
1.419697682133263195e+00 1.038924995364602921e+00
1.422845570563713746e+00 5.789985895841887054e-01
1.425993458994164520e+00 7.646005020020624210e-01
1.429141347424615294e+00 7.689767455191509615e-01
1.432289235855065845e+00 1.000875924241299009e+00
1.435437124285516619e+00 1.089284703789258124e+00
1.438585012715967393e+00 9.374070585550178247e-01
1.441732901146417944e+00 9.815560756618323390e-01
1.444880789576868718e+00 1.140618391457340230e+00
1.448028678007319492e+00 7.855684704890049108e-01
1.451176566437770044e+00 6.539047828937201157e-01
1.454324454868220817e+00 9.087598054103063205e-01
1.457472343298671591e+00 8.087495293872428714e-01
1.460620231729122143e+00 7.906291964095462088e-01
1.463768120159572916e+00 7.885858289229843443e-01
1.466916008590023468e+00 1.016307107184055702e+00
1.470063897020474242e+00 1.114439865710989963e+00
1.473211785450925015e+00 6.127349096476759627e-01
1.476359673881375567e+00 1.036557189220122410e+00
1.479507562311826341e+00 6.830181948504572276e-01
1.482655450742277115e+00 9.337509119817004599e-01
1.485803339172727666e+00 1.365365482005479691e+00
1.488951227603178440e+00 7.513161867501467750e-01
1.492099116033629214e+00 9.956323343770452361e-01
1.495247004464079765e+00 9.613190344005688726e-01
1.498394892894530539e+00 8.401185222304791145e-01
1.501542781324981313e+00 9.434181728193210548e-01
1.504690669755431864e+00 8.970669623387719227e-01
1.507838558185882638e+00 9.556638888575168522e-01
1.510986446616333190e+00 1.119315794449538437e+00
1.514134335046783963e+00 8.679589647355289150e-01
1.517282223477234737e+00 1.211584942704952317e+00
1.520430111907685289e+00 8.254153285403447171e-01
1.523578000338136063e+00 8.920589753661184451e-01
1.526725888768586836e+00 1.446904398473342290e+00
1.529873777199037388e+00 4.601254997756100140e-01
1.533021665629488162e+00 1.081690752630362296e+00
1.536169554059938935e+00 1.202681468501979545e+00
1.539317442490389487e+00 9.565856314033699404e-01
1.542465330920840261e+00 9.487650803671664468e-01
1.545613219351291034e+00 1.406832025100758221e+00
1.548761107781741586e+00 1.153278121762935315e+00
1.551908996212192360e+00 1.456519940805030444e+00
1.555056884642642911e+00 1.283696437154953740e+00
1.558204773073093685e+00 9.465182176477993092e-01
1.561352661503544459e+00 7.851161917581166438e-01
1.564500549933995011e+00 1.017705589556666901e+00
1.567648438364445784e+00 8.419032195591213963e-01
1.570796326794896558e+00 1.010484575399241747e+00
