0.000000000000000000e+00 -1.985022392013179593e-01
3.147888430450694348e-03 -2.709992112285685220e-02
6.295776860901388695e-03 4.207023295408233166e-01
9.443665291352083477e-03 2.100810661968502135e-01
1.259155372180277739e-02 -4.077019434324778702e-04
1.573944215225347304e-02 2.044139150393537718e-01
1.888733058270416695e-02 -1.145230343108563364e-01
2.203521901315486087e-02 2.413557804009082985e-01
2.518310744360555478e-02 4.506234552959085399e-02
2.833099587405624870e-02 2.203061967171182356e-01
3.147888430450694608e-02 -3.033022950863901168e-01
3.462677273495763652e-02 6.865563184805885399e-02
3.777466116540833391e-02 1.824285330357716950e-01
4.092254959585902435e-02 -7.974945065361856156e-02
4.407043802630972174e-02 -3.212054342335596835e-01
4.721832645676041218e-02 4.375277469212270343e-01
5.036621488721110956e-02 -4.878686820923158751e-02
5.351410331766180695e-02 -1.794141942937305806e-02
5.666199174811249739e-02 -1.144698554932401663e-02
5.980988017856319477e-02 4.461490159169903547e-01
6.295776860901389216e-02 1.406399678982570012e-01
6.610565703946458260e-02 2.052090236305084692e-01
6.925354546991527305e-02 2.012306128517734050e-01
7.240143390036596349e-02 1.468406481880606129e-01
7.554932233081666781e-02 -3.607022772683216028e-02
7.869721076126735826e-02 2.768731767386717890e-01
8.184509919171804870e-02 1.933149221251737049e-01
8.499298762216875303e-02 -3.822591649530950320e-01
8.814087605261944347e-02 -1.350319504645720869e-02
9.128876448307013391e-02 -1.881815710566163424e-01
9.443665291352082436e-02 -1.366352877947998312e-01
9.758454134397152868e-02 6.809742845227561014e-01
1.007324297744222191e-01 1.105272816572159256e-01
1.038803182048729096e-01 2.115346119492650390e-01
1.070282066353236139e-01 1.099504370501519224e-01
1.101760950657743043e-01 2.305379239327949303e-01
1.133239834962249948e-01 3.758227083150766923e-01
1.164718719266756852e-01 -3.008364372803946085e-01
1.196197603571263895e-01 4.652755277427694791e-02
1.227676487875770800e-01 -9.800678778771930444e-02
1.259155372180277843e-01 2.600458581952287962e-01
1.290634256484784748e-01 2.408601818076482326e-01
1.322113140789291652e-01 3.225227212109362251e-01
1.353592025093798557e-01 2.167433838945581615e-01
1.385070909398305461e-01 9.656295271899732746e-02
1.416549793702812365e-01 6.221148880322069363e-02
1.448028678007319270e-01 -7.336598308561675941e-03
1.479507562311826452e-01 6.595949333752879062e-02
1.510986446616333356e-01 3.675317019066409729e-01
1.542465330920840261e-01 1.334632113110278961e-01
1.573944215225347165e-01 1.859986352798160270e-01
1.605423099529854070e-01 -1.617765307675852471e-01
1.636901983834360974e-01 2.295900671049642128e-01
1.668380868138867879e-01 3.282759915345515589e-01
1.699859752443375061e-01 3.631479770481104707e-01
1.731338636747881965e-01 6.723572040248251280e-01
1.762817521052388869e-01 -2.690842823271015205e-01
1.794296405356895774e-01 6.077612268412244112e-02
1.825775289661402678e-01 -1.302337043790205706e-01
1.857254173965909583e-01 3.905386966570335017e-01
1.888733058270416487e-01 3.520492896895993096e-01
1.920211942574923669e-01 5.404587155593065795e-01
1.951690826879430574e-01 3.561746706480949931e-01
1.983169711183937478e-01 2.556244935263928264e-01
2.014648595488444383e-01 2.103577205484917223e-01
2.046127479792951287e-01 -2.204782192356626036e-01
2.077606364097458191e-01 3.792278723851384425e-01
2.109085248401965096e-01 2.377548002933881077e-01
2.140564132706472278e-01 1.799785495844598016e-01
2.172043017010979182e-01 -7.494946318804732166e-02
2.203521901315486087e-01 5.245901729447700612e-01
2.235000785619992991e-01 -1.559790830999162048e-01
2.266479669924499896e-01 -3.790824232776518476e-03
2.297958554229006800e-01 1.518976647337626495e-01
2.329437438533513705e-01 3.154490764473703024e-01
2.360916322838020887e-01 3.202980578558724534e-01
2.392395207142527791e-01 1.251352178558089723e-01
2.423874091447034695e-01 2.051865583728654241e-01
2.455352975751541600e-01 1.460699355817311751e-01
2.486831860056048504e-01 4.937221146540387573e-01
2.518310744360555686e-01 7.128312446557245607e-01
2.549789628665062313e-01 2.392147390351062053e-01
2.581268512969569495e-01 3.054566692360264346e-01
2.612747397274076122e-01 5.627969548185671189e-02
2.644226281578583304e-01 6.080506198467858781e-01
2.675705165883089931e-01 2.520486077440938777e-01
2.707184050187597113e-01 3.770359062891778246e-01
2.738662934492104295e-01 3.729145761819968041e-01
2.770141818796610922e-01 3.097643042116540735e-02
2.801620703101118104e-01 2.017592924341112537e-01
2.833099587405624731e-01 2.500042204825578818e-01
2.864578471710131913e-01 6.494383691400303915e-01
2.896057356014638540e-01 1.249342424825883868e-01
2.927536240319145722e-01 4.192696223206888173e-01
2.959015124623652904e-01 5.019206597236591794e-02
2.990494008928159531e-01 3.488955183092041223e-01
3.021972893232666713e-01 5.278574582653605685e-01
3.053451777537173339e-01 4.974102527210277902e-01
3.084930661841680521e-01 1.678804394786457821e-01
3.116409546146187148e-01 6.724167461794057221e-01
3.147888430450694330e-01 4.830017507152135625e-01
3.179367314755201512e-01 1.468007714864945079e-01
3.210846199059708139e-01 3.912192629180047954e-01
3.242325083364215321e-01 5.453791223245882946e-01
3.273803967668721948e-01 3.909731219177805528e-01
3.305282851973229130e-01 6.178812930378112522e-01
3.336761736277735757e-01 2.074891699371550491e-01
3.368240620582242939e-01 1.478615459969958301e-01
3.399719504886750121e-01 5.190632261032377404e-01
3.431198389191256748e-01 2.831710721198524294e-01
3.462677273495763930e-01 3.560038417457220827e-01
3.494156157800270557e-01 1.350921619258562412e-01
3.525635042104777739e-01 6.033164790245392206e-01
3.557113926409284366e-01 7.294385703106365249e-01
3.588592810713791548e-01 2.238924017322921900e-01
3.620071695018298730e-01 -2.898735301083987803e-02
3.651550579322805357e-01 5.077772005235138275e-01
3.683029463627312539e-01 4.849208567307099482e-01
3.714508347931819165e-01 1.568968624469922468e-01
3.745987232236326347e-01 2.164894500338571115e-02
3.777466116540832974e-01 2.297926442973816652e-01
3.808945000845340156e-01 4.919987763921709334e-01
3.840423885149847338e-01 1.875004021608354388e-01
3.871902769454353965e-01 3.282564175218868896e-01
3.903381653758861147e-01 1.282475007191609673e-01
3.934860538063367774e-01 1.975066651345020463e-01
3.966339422367874956e-01 5.912144874729567956e-01
3.997818306672381583e-01 2.772715323198995940e-01
4.029297190976888765e-01 4.774766827490546373e-01
4.060776075281395947e-01 6.160409315009138798e-01
4.092254959585902574e-01 4.018586005491311952e-01
4.123733843890409756e-01 3.713061622266686790e-01
4.155212728194916383e-01 7.231395137896259318e-01
4.186691612499423565e-01 4.221062223667750857e-01
4.218170496803930192e-01 6.937987712332540635e-01
4.249649381108437374e-01 3.492483696488591915e-01
4.281128265412944556e-01 1.473147333029804495e-01
4.312607149717451183e-01 2.817973587745331576e-01
4.344086034021958365e-01 2.326117605518982501e-01
4.375564918326464992e-01 2.084907175317406436e-01
4.407043802630972174e-01 7.525477043650431463e-01
4.438522686935478800e-01 2.784438043460710777e-01
4.470001571239985982e-01 5.127537284061671752e-01
4.501480455544493164e-01 3.843519009991971935e-01
4.532959339848999791e-01 4.198572349103102952e-01
4.564438224153506973e-01 1.843512474209363650e-01
4.595917108458013600e-01 2.189294789095776461e-01
4.627395992762520782e-01 1.355095364199861430e-01
4.658874877067027409e-01 5.488067867859831583e-01
4.690353761371534591e-01 6.350038270519227090e-01
4.721832645676041773e-01 6.365886299913954272e-01
4.753311529980548400e-01 1.711689549643808927e-01
4.784790414285055582e-01 6.365691549079103284e-01
4.816269298589562209e-01 4.633751858378296618e-01
4.847748182894069391e-01 1.926420214306134859e-01
4.879227067198576018e-01 6.341648960214207875e-01
4.910705951503083200e-01 6.997410746791068448e-01
4.942184835807590382e-01 8.305804782733023917e-01
4.973663720112097009e-01 5.488910243005379330e-01
5.005142604416603636e-01 1.240788229074096805e-02
5.036621488721111373e-01 6.757638262703997700e-01
5.068100373025618000e-01 3.944380335866013998e-01
5.099579257330124626e-01 5.922502867263521598e-01
5.131058141634631253e-01 5.438333951766953778e-01
5.162537025939138990e-01 3.920084468538602707e-01
5.194015910243645617e-01 3.072953844333053963e-01
5.225494794548152244e-01 3.671700616518732141e-01
5.256973678852659981e-01 3.994303966635097125e-01
5.288452563157166608e-01 3.211891516107930333e-01
5.319931447461673235e-01 2.573592014031988451e-01
5.351410331766179862e-01 1.121120752521347907e-01
5.382889216070687599e-01 3.763721754533557728e-01
5.414368100375194226e-01 5.381220546897556023e-01
5.445846984679700853e-01 6.487211898232054796e-01
5.477325868984208590e-01 9.293055061289328123e-01
5.508804753288715217e-01 3.667595476401646071e-01
5.540283637593221844e-01 4.918261126694293273e-01
5.571762521897728471e-01 6.580648715260744019e-01
5.603241406202236208e-01 8.730170205659214533e-01
5.634720290506742835e-01 7.384391263026147678e-01
5.666199174811249462e-01 3.148604341948459395e-01
5.697678059115757199e-01 6.619573076921073662e-01
5.729156943420263826e-01 6.937190836459516952e-01
5.760635827724770452e-01 7.252098336606721540e-01
5.792114712029277079e-01 5.562440574657790959e-01
5.823593596333784816e-01 4.553387964932896215e-01
5.855072480638291443e-01 4.004567560802289039e-01
5.886551364942798070e-01 5.231342068329095651e-01
5.918030249247305807e-01 3.896119594604072756e-01
5.949509133551812434e-01 6.941943799938046222e-01
5.980988017856319061e-01 7.362714663714849950e-01
6.012466902160825688e-01 5.025753327647080049e-01
6.043945786465333425e-01 4.908828023712735189e-01
6.075424670769840052e-01 5.142570970607320824e-01
6.106903555074346679e-01 1.504686355876058701e-01
6.138382439378854416e-01 8.734292455669454558e-01
6.169861323683361043e-01 6.656607487163986869e-01
6.201340207987867670e-01 4.950280436401039985e-01
6.232819092292374297e-01 8.635359285516959194e-01
6.264297976596882034e-01 6.364697924463842416e-01
6.295776860901388661e-01 6.090109043909035513e-01
6.327255745205895288e-01 6.022949429054453852e-01
6.358734629510403025e-01 5.461715910843217836e-01
6.390213513814909652e-01 4.365009801905257447e-01
6.421692398119416278e-01 3.760830408198402863e-01
6.453171282423922905e-01 7.889699310262018317e-01
6.484650166728430642e-01 8.995995644416963088e-01
6.516129051032937269e-01 6.773755750779788531e-01
6.547607935337443896e-01 3.925677428064350272e-01
6.579086819641951633e-01 4.202514088299144079e-01
6.610565703946458260e-01 2.741076382877720707e-01
6.642044588250964887e-01 7.136487818909568182e-01
6.673523472555471514e-01 8.954194915731450433e-01
6.705002356859979251e-01 6.370817882327313164e-01
6.736481241164485878e-01 5.277761652942533077e-01
6.767960125468992505e-01 9.357162589640317663e-01
6.799439009773500242e-01 5.816849355890372220e-01
6.830917894078006869e-01 6.343790197603663694e-01
6.862396778382513496e-01 4.438879177796083986e-01
6.893875662687020123e-01 5.151417665827112691e-01
6.925354546991527860e-01 2.454969125675458552e-01
6.956833431296034487e-01 6.460784012224456418e-01
6.988312315600541114e-01 6.300517838218414601e-01
7.019791199905048851e-01 7.585650990423209450e-01
7.051270084209555478e-01 7.140854552755278029e-01
7.082748968514062105e-01 7.352463342051377415e-01
7.114227852818568731e-01 5.797171830223217803e-01
7.145706737123076469e-01 4.958781564362864103e-01
7.177185621427583095e-01 5.134444509561227887e-01
7.208664505732089722e-01 2.410325859671332838e-01
7.240143390036597459e-01 6.061534418116559797e-01
7.271622274341104086e-01 5.118772755302873900e-01
7.303101158645610713e-01 5.097693903920973435e-01
7.334580042950117340e-01 6.835661495683218458e-01
7.366058927254625077e-01 5.060773947734392708e-01
7.397537811559131704e-01 8.166680832158063064e-01
7.429016695863638331e-01 1.057610352816814370e+00
7.460495580168146068e-01 6.650075138783143602e-01
7.491974464472652695e-01 6.222341422316358672e-01
7.523453348777159322e-01 7.422832699339083629e-01
7.554932233081665949e-01 9.184742431802495055e-01
7.586411117386173686e-01 8.569817554739578291e-01
7.617890001690680313e-01 4.903861993543163766e-01
7.649368885995186940e-01 1.068353764648765525e+00
7.680847770299694677e-01 4.746425644589030712e-01
7.712326654604201304e-01 5.611731227757961182e-01
7.743805538908707931e-01 4.956964249010024637e-01
7.775284423213214557e-01 8.987445990479479008e-01
7.806763307517722295e-01 4.783755803354738378e-01
7.838242191822228921e-01 8.769508744075338313e-01
7.869721076126735548e-01 4.644360146685019286e-01
7.901199960431243285e-01 6.672433051527379977e-01
7.932678844735749912e-01 6.220662976956082835e-01
7.964157729040256539e-01 7.525307411723879403e-01
7.995636613344763166e-01 4.109383784498886194e-01
8.027115497649270903e-01 5.426668154093993168e-01
8.058594381953777530e-01 5.874592865744990844e-01
8.090073266258284157e-01 1.024053441043164314e+00
8.121552150562791894e-01 4.590142858181445185e-01
8.153031034867298521e-01 5.254406084953618938e-01
8.184509919171805148e-01 7.098022651979303266e-01
8.215988803476311775e-01 1.082405513582893164e+00
8.247467687780819512e-01 5.909903923230542810e-01
8.278946572085326139e-01 1.107495923943963678e+00
8.310425456389832766e-01 5.704033431721683423e-01
8.341904340694340503e-01 7.452125419085428026e-01
8.373383224998847130e-01 9.040266214127485878e-01
8.404862109303353757e-01 6.809118052880285266e-01
8.436340993607860383e-01 7.480805794745241100e-01
8.467819877912368121e-01 7.226835078293725179e-01
8.499298762216874747e-01 7.195002371711882727e-01
8.530777646521381374e-01 6.983338835886324647e-01
8.562256530825889111e-01 1.753108065748917310e-01
8.593735415130395738e-01 4.672163595878287001e-01
8.625214299434902365e-01 9.175901303284100807e-01
8.656693183739408992e-01 7.095438165051877188e-01
8.688172068043916729e-01 6.323937550315282818e-01
8.719650952348423356e-01 8.261136295216193748e-01
8.751129836652929983e-01 7.339066981588432403e-01
8.782608720957437720e-01 5.052301056755105213e-01
8.814087605261944347e-01 8.063858735430098346e-01
8.845566489566450974e-01 1.017196800311416238e+00
8.877045373870957601e-01 7.515888102631163026e-01
8.908524258175465338e-01 1.111562187546767833e+00
8.940003142479971965e-01 4.415170120684204225e-01
8.971482026784478592e-01 8.330231222091711851e-01
9.002960911088986329e-01 5.290286180363178437e-01
9.034439795393492956e-01 5.356264638481587070e-01
9.065918679697999583e-01 4.987476572572160927e-01
9.097397564002506209e-01 9.001435163167545994e-01
9.128876448307013947e-01 1.027140795168318466e+00
9.160355332611520573e-01 6.357873366610085064e-01
9.191834216916027200e-01 5.950421346472534179e-01
9.223313101220534937e-01 4.850002558208009740e-01
9.254791985525041564e-01 5.860635846065349597e-01
9.286270869829548191e-01 6.751872488110016723e-01
9.317749754134054818e-01 8.618508260420241207e-01
9.349228638438562555e-01 8.997967561862362240e-01
9.380707522743069182e-01 1.118983138048577297e+00
9.412186407047575809e-01 5.009487696444270277e-01
9.443665291352083546e-01 7.494816122779113243e-01
9.475144175656590173e-01 4.718699360822941613e-01
9.506623059961096800e-01 1.090160171810227174e+00
9.538101944265603427e-01 5.638396056157510827e-01
9.569580828570111164e-01 7.057105437332573672e-01
9.601059712874617791e-01 4.633854905408114622e-01
9.632538597179124418e-01 7.558830725220990754e-01
9.664017481483632155e-01 7.004891652139786373e-01
9.695496365788138782e-01 4.798958333627842410e-01
9.726975250092645409e-01 6.379069341094278922e-01
9.758454134397152036e-01 6.675149353744800340e-01
9.789933018701659773e-01 7.770208400217981648e-01
9.821411903006166400e-01 6.876096014574205606e-01
9.852890787310673026e-01 7.262255763640537154e-01
9.884369671615180764e-01 4.624455297198198367e-01
9.915848555919687390e-01 8.506018756420328231e-01
9.947327440224194017e-01 5.376084739791269218e-01
9.978806324528700644e-01 5.648463362914443175e-01
1.001028520883320727e+00 1.007043228043057681e+00
1.004176409313771501e+00 8.423461936664873306e-01
1.007324297744222275e+00 9.757391900752538927e-01
1.010472186174672826e+00 6.503878357021322110e-01
1.013620074605123600e+00 9.222773471440237625e-01
1.016767963035574374e+00 4.168223657775462221e-01
1.019915851466024925e+00 8.204405026350529706e-01
1.023063739896475699e+00 1.250518270877032379e+00
1.026211628326926251e+00 7.124851054719962828e-01
1.029359516757377024e+00 1.295208101226622111e+00
1.032507405187827798e+00 8.064542564235780420e-01
1.035655293618278350e+00 1.010954508900577808e+00
1.038803182048729123e+00 5.447668055103017659e-01
1.041951070479179897e+00 7.537346453765862986e-01
1.045098958909630449e+00 9.059423475207575294e-01
1.048246847340081223e+00 7.029423795281972698e-01
1.051394735770531996e+00 8.505728696066199301e-01
1.054542624200982548e+00 1.078170119645268876e+00
1.057690512631433322e+00 8.259197139259971676e-01
1.060838401061884095e+00 8.449815455556385357e-01
1.063986289492334647e+00 8.256880498071799135e-01
1.067134177922785421e+00 9.467625275381326144e-01
1.070282066353235972e+00 8.842592725213976879e-01
1.073429954783686746e+00 6.674291536887152487e-01
1.076577843214137520e+00 7.253006673376282132e-01
1.079725731644588071e+00 9.167298260933459675e-01
1.082873620075038845e+00 7.721071951290449098e-01
1.086021508505489619e+00 7.879437392805906937e-01
1.089169396935940171e+00 8.469379483844086121e-01
1.092317285366390944e+00 8.052561792037573607e-01
1.095465173796841718e+00 7.834154674986195666e-01
1.098613062227292270e+00 7.759038871924649472e-01
1.101760950657743043e+00 9.705043851234628205e-01
1.104908839088193817e+00 8.852970408306157779e-01
1.108056727518644369e+00 5.473532610815927679e-01
1.111204615949095142e+00 5.587415132110398197e-01
1.114352504379545694e+00 9.639375541031598438e-01
1.117500392809996468e+00 7.524368450192431279e-01
1.120648281240447242e+00 5.493898344221400665e-01
1.123796169670897793e+00 7.752640859154600328e-01
1.126944058101348567e+00 1.014279168399579101e+00
1.130091946531799341e+00 1.040404010650861855e+00
1.133239834962249892e+00 9.116287662318282026e-01
1.136387723392700666e+00 7.565685575352057990e-01
1.139535611823151440e+00 9.858141620712648212e-01
1.142683500253601991e+00 7.437261509980931384e-01
1.145831388684052765e+00 4.412186547316501173e-01
1.148979277114503539e+00 9.528684595028922288e-01
1.152127165544954090e+00 5.271419451214701679e-01
1.155275053975404864e+00 7.280907336545561215e-01
1.158422942405855416e+00 8.300763075642706434e-01
1.161570830836306190e+00 5.941033966989800463e-01
1.164718719266756963e+00 7.997346263172290248e-01
1.167866607697207515e+00 8.655165643638725870e-01
1.171014496127658289e+00 1.000051367596852758e+00
1.174162384558109062e+00 8.681418178197388702e-01
1.177310272988559614e+00 1.140456224441477762e+00
1.180458161419010388e+00 9.269281876423189903e-01
1.183606049849461161e+00 9.409553152232027484e-01
1.186753938279911713e+00 9.694459132398813850e-01
1.189901826710362487e+00 6.087600955599954400e-01
1.193049715140813261e+00 8.156628859360789408e-01
1.196197603571263812e+00 7.523151090204481806e-01
1.199345492001714586e+00 7.692955510634409411e-01
1.202493380432165138e+00 6.719209080217778407e-01
1.205641268862615911e+00 5.879149910614832608e-01
1.208789157293066685e+00 7.783586324033753279e-01
1.211937045723517237e+00 9.654312731734970843e-01
1.215084934153968010e+00 9.944538331230688977e-01
1.218232822584418784e+00 6.961973166268100588e-01
1.221380711014869336e+00 1.074565621422823636e+00
1.224528599445320109e+00 1.280417628003866604e+00
1.227676487875770883e+00 8.914754174616827953e-01
1.230824376306221435e+00 1.011786510526363481e+00
1.233972264736672209e+00 8.859366352255402255e-01
1.237120153167122982e+00 7.688539913645491275e-01
1.240268041597573534e+00 3.991815486832413495e-01
1.243415930028024308e+00 8.065186308026993656e-01
1.246563818458474859e+00 7.786545149636846519e-01
1.249711706888925633e+00 1.073965209511112961e+00
1.252859595319376407e+00 1.351386678072219238e+00
1.256007483749826958e+00 7.219764353990811845e-01
1.259155372180277732e+00 9.704827824016923898e-01
1.262303260610728506e+00 7.693254473992433562e-01
1.265451149041179058e+00 9.112048489830496534e-01
1.268599037471629831e+00 1.030119301968676737e+00
1.271746925902080605e+00 1.169002419467705556e+00
1.274894814332531157e+00 1.176865704670575052e+00
1.278042702762981930e+00 6.092767440608800600e-01
1.281190591193432704e+00 9.680678538264002597e-01
1.284338479623883256e+00 1.112062143266356440e+00
1.287486368054334029e+00 9.528218182089694954e-01
1.290634256484784581e+00 6.701086613250486490e-01
1.293782144915235355e+00 4.443340400836388038e-01
1.296930033345686128e+00 1.032899162939927340e+00
1.300077921776136680e+00 8.149635863101776234e-01
1.303225810206587454e+00 9.061018898181703030e-01
1.306373698637038228e+00 9.011702121071570870e-01
1.309521587067488779e+00 1.101141884293454387e+00
1.312669475497939553e+00 1.102522990855681728e+00
1.315817363928390327e+00 1.125982909327875037e+00
1.318965252358840878e+00 7.171719361589308228e-01
1.322113140789291652e+00 8.452443124639120731e-01
1.325261029219742426e+00 9.363985953286942943e-01
1.328408917650192977e+00 6.705578276346083610e-01
1.331556806080643751e+00 1.384875906137982504e+00
1.334704694511094303e+00 6.535780920520083415e-01
1.337852582941545077e+00 8.092948966575828074e-01
1.341000471371995850e+00 6.077208843487746925e-01
1.344148359802446402e+00 9.526457842921778330e-01
1.347296248232897176e+00 8.320440546044562957e-01
1.350444136663347949e+00 6.844042523492439578e-01
1.353592025093798501e+00 8.464335406576818377e-01
1.356739913524249275e+00 1.166757114593882871e+00
1.359887801954700048e+00 1.249073205013015997e+00
1.363035690385150600e+00 9.207871263596968392e-01
1.366183578815601374e+00 6.512630586989349712e-01
1.369331467246052148e+00 5.712746333170561908e-01
1.372479355676502699e+00 1.157561338164964759e+00
1.375627244106953473e+00 9.584623965099514642e-01
1.378775132537404025e+00 1.174746156949647791e+00
1.381923020967854798e+00 1.255199276294922450e+00
1.385070909398305572e+00 6.903029341749506997e-01
1.388218797828756124e+00 1.026448669059019103e+00
1.391366686259206897e+00 6.798286399277192471e-01
1.394514574689657671e+00 1.076596408738051514e+00
1.397662463120108223e+00 8.604306228425111502e-01
1.400810351550558996e+00 1.081611258195641634e+00
1.403958239981009770e+00 7.014799703744150072e-01
1.407106128411460322e+00 7.529117013928298130e-01
1.410254016841911096e+00 1.048835058082252081e+00
1.413401905272361869e+00 7.325880004789409039e-01
1.416549793702812421e+00 8.496415688575650327e-01
1.419697682133263195e+00 1.003226001442292681e+00
1.422845570563713746e+00 7.016324763775336759e-01
1.425993458994164520e+00 1.081825724864498461e+00
1.429141347424615294e+00 7.038190968125909164e-01
1.432289235855065845e+00 1.088444946505304101e+00
1.435437124285516619e+00 9.580349719733349811e-01
1.438585012715967393e+00 7.899306607836675820e-01
1.441732901146417944e+00 1.184590954993717915e+00
1.444880789576868718e+00 1.179614841464437403e+00
1.448028678007319492e+00 7.815707844686188288e-01
1.451176566437770044e+00 7.600317362141935096e-01
1.454324454868220817e+00 1.060824696278099388e+00
1.457472343298671591e+00 8.052337495027697134e-01
1.460620231729122143e+00 6.668513173741426048e-01
1.463768120159572916e+00 8.521778824159067511e-01
1.466916008590023468e+00 1.255032089399275907e+00
1.470063897020474242e+00 8.770885043233562772e-01
1.473211785450925015e+00 8.410893826000296336e-01
1.476359673881375567e+00 4.560306613155283850e-01
1.479507562311826341e+00 9.512514243442405926e-01
1.482655450742277115e+00 1.053312005198410173e+00
1.485803339172727666e+00 8.775190667065335681e-01
1.488951227603178440e+00 8.541452885789326821e-01
1.492099116033629214e+00 9.182516501929133268e-01
1.495247004464079765e+00 9.063031023730671043e-01
1.498394892894530539e+00 1.040258760841187957e+00
1.501542781324981313e+00 8.780006566662698075e-01
1.504690669755431864e+00 8.722946972516698594e-01
1.507838558185882638e+00 9.261791383973561054e-01
1.510986446616333190e+00 9.228325807871777808e-01
1.514134335046783963e+00 1.107179028433962875e+00
1.517282223477234737e+00 6.091082581167581722e-01
1.520430111907685289e+00 8.108042062780987935e-01
1.523578000338136063e+00 6.378116877658321915e-01
1.526725888768586836e+00 1.079304001236705890e+00
1.529873777199037388e+00 9.681372552833041878e-01
1.533021665629488162e+00 9.507680270244225351e-01
1.536169554059938935e+00 8.469832369069857370e-01
1.539317442490389487e+00 8.802054264201236711e-01
1.542465330920840261e+00 9.955696130348627992e-01
1.545613219351291034e+00 8.718785018280539312e-01
1.548761107781741586e+00 1.106817645533342054e+00
1.551908996212192360e+00 8.878862520581114470e-01
1.555056884642642911e+00 1.097897114109455119e+00
1.558204773073093685e+00 1.200329920213815349e+00
1.561352661503544459e+00 9.156145462105672594e-01
1.564500549933995011e+00 1.235800104420920587e+00
1.567648438364445784e+00 1.056563633281814685e+00
1.570796326794896558e+00 1.050010542407042502e+00
